0
28008
56016
84024
112032
140040
168048
196056
224064
252072
280080
308088
336096
364104
392112
420120
448128
476136
504144
532152
560160
588168
616176
644184
672192
700200
728208
756216
784224
812232
840240
868248
896256
924264
952272
980280
1008288
1036296
1064304
1092312
1120320
1148328
1176336
1204344
1232352
1260360
1288368
1316376
1344384
1372392
1400400
1428408
1456416
1484424
1512432
1540440
1568448
1596456
1624464
1652472
1680480
1708488
1736496
1764504
1792512
1820520
1848528
1876536
1904544
1932552
1960560
1988568
2016576
2044584
2072592
2100600
2128608
2156616
2184624
2212632
2240640
2268648
2296656
2324664
2352672
2380680
2408688
2436696
2464704
2492712
2520720
2548728
2576736
2604744
2632752
2660760
2688768
2716776
2744784
2772792
2800632
