1.437624931335449219e+01
1.444335937500000000e+01
1.423996067047119141e+01
1.418378829956054688e+01
1.357572269439697266e+01
1.336414051055908203e+01
1.306656265258789062e+01
1.305621051788330078e+01
1.270742130279541016e+01
1.311972618103027344e+01
1.235460948944091797e+01
1.251644515991210938e+01
1.310023403167724609e+01
1.260617160797119141e+01
1.267937469482421875e+01
1.239119148254394531e+01
1.230574226379394531e+01
1.215408134460449219e+01
1.221746063232421875e+01
1.199531269073486328e+01
1.223371028900146484e+01
1.215806579589843750e+01
1.250222587585449219e+01
1.199902343750000000e+01
1.190607357025146484e+01
1.212632751464843750e+01
1.238582038879394531e+01
1.204154300689697266e+01
1.232261657714843750e+01
1.203195285797119141e+01
1.149748039245605469e+01
1.228878879547119141e+01
1.187984371185302734e+01
1.221070289611816406e+01
1.210492134094238281e+01
1.190765571594238281e+01
1.199984359741210938e+01
1.202898406982421875e+01
1.191587829589843750e+01
1.217597675323486328e+01
1.202357387542724609e+01
1.192708969116210938e+01
1.168160152435302734e+01
1.188822269439697266e+01
1.163201141357421875e+01
1.199376964569091797e+01
1.174886703491210938e+01
1.176195240020751953e+01
1.189746093750000000e+01
1.210191345214843750e+01
1.174988269805908203e+01
1.168548774719238281e+01
1.206554698944091797e+01
1.181447219848632812e+01
1.178386688232421875e+01
1.140933609008789062e+01
1.154537105560302734e+01
1.137095642089843750e+01
1.177183532714843750e+01
1.165644550323486328e+01
1.137119102478027344e+01
1.184367179870605469e+01
1.163076114654541016e+01
1.161980438232421875e+01
1.188048839569091797e+01
1.166259765625000000e+01
1.178595638275146484e+01
1.198195266723632812e+01
1.146650409698486328e+01
1.152581977844238281e+01
1.188164043426513672e+01
1.168773365020751953e+01
1.141105461120605469e+01
1.156792926788330078e+01
1.217292976379394531e+01
1.218113231658935547e+01
1.144222640991210938e+01
1.162831974029541016e+01
1.141089820861816406e+01
1.165583992004394531e+01
1.163724613189697266e+01
1.184994125366210938e+01
1.168259716033935547e+01
1.190894508361816406e+01
1.197947216033935547e+01
1.152210903167724609e+01
1.163777351379394531e+01
1.176931571960449219e+01
1.150468730926513672e+01
1.166269493103027344e+01
1.172091770172119141e+01
1.182634735107421875e+01
1.163203144073486328e+01
1.167773437500000000e+01
1.160431575775146484e+01
1.177859306335449219e+01
1.167630863189697266e+01
1.144972610473632812e+01
1.161945247650146484e+01
1.151445293426513672e+01
1.127486324310302734e+01
1.161093711853027344e+01
1.150042915344238281e+01
1.147681617736816406e+01
1.126929664611816406e+01
1.172539043426513672e+01
1.165320301055908203e+01
1.202324199676513672e+01
1.131183528900146484e+01
1.195484352111816406e+01
1.142800712585449219e+01
1.156326103210449219e+01
1.147574234008789062e+01
1.141658210754394531e+01
1.144417953491210938e+01
1.146404266357421875e+01
1.194382762908935547e+01
1.133003902435302734e+01
1.135292911529541016e+01
1.193384742736816406e+01
1.151201152801513672e+01
1.183923816680908203e+01
1.185949230194091797e+01
1.123419857025146484e+01
1.149988269805908203e+01
1.165203094482421875e+01
1.160726547241210938e+01
1.157171821594238281e+01
1.170638656616210938e+01
1.192371082305908203e+01
1.177400398254394531e+01
1.166664028167724609e+01
1.154242134094238281e+01
1.158275318145751953e+01
1.149355411529541016e+01
1.157189464569091797e+01
1.146500015258789062e+01
1.150046825408935547e+01
1.143205070495605469e+01
1.144078063964843750e+01
1.144244098663330078e+01
1.163468742370605469e+01
1.137529277801513672e+01
1.140144538879394531e+01
1.171720695495605469e+01
1.160185527801513672e+01
1.127632808685302734e+01
1.155417919158935547e+01
1.157365226745605469e+01
1.123697280883789062e+01
1.163605403900146484e+01
1.145410156250000000e+01
1.149175739288330078e+01
1.135005855560302734e+01
1.128992176055908203e+01
1.142794895172119141e+01
1.171468734741210938e+01
1.165402317047119141e+01
1.120408153533935547e+01
1.187183570861816406e+01
1.166390609741210938e+01
1.137763690948486328e+01
1.120644474029541016e+01
1.147175788879394531e+01
1.114146423339843750e+01
1.130701160430908203e+01
1.150021457672119141e+01
1.135164070129394531e+01
1.163302707672119141e+01
1.166339778900146484e+01
1.129244136810302734e+01
1.165617179870605469e+01
1.136277294158935547e+01
1.126343727111816406e+01
1.171041011810302734e+01
1.153984355926513672e+01
1.146361255645751953e+01
1.146812438964843750e+01
1.142156219482421875e+01
1.126253890991210938e+01
1.132158184051513672e+01
1.164234352111816406e+01
1.155503845214843750e+01
1.135046863555908203e+01
1.132921886444091797e+01
1.099845695495605469e+01
1.143527317047119141e+01
1.142056655883789062e+01
1.163605403900146484e+01
1.143464851379394531e+01
1.142326164245605469e+01
1.148257827758789062e+01
1.178925800323486328e+01
1.127105426788330078e+01
1.157070255279541016e+01
1.133728504180908203e+01
1.145712852478027344e+01
1.134882831573486328e+01
1.149945259094238281e+01
1.163109302520751953e+01
1.100000000000000000e+01
1.136519527435302734e+01
1.145601558685302734e+01
1.131699180603027344e+01
1.141998004913330078e+01
1.114769458770751953e+01
1.139974594116210938e+01
1.163589859008789062e+01
1.139234352111816406e+01
1.145521450042724609e+01
1.168947219848632812e+01
1.166492176055908203e+01
1.155195331573486328e+01
1.135093688964843750e+01
1.120263671875000000e+01
1.122378921508789062e+01
1.147554683685302734e+01
1.143812465667724609e+01
1.127832031250000000e+01
1.128544902801513672e+01
1.135027313232421875e+01
1.112175750732421875e+01
1.149931621551513672e+01
1.144697284698486328e+01
1.145058536529541016e+01
1.146523380279541016e+01
1.114236259460449219e+01
1.133996105194091797e+01
1.135384750366210938e+01
1.145232391357421875e+01
1.156414031982421875e+01
1.127121067047119141e+01
1.146413993835449219e+01
1.123997974395751953e+01
1.166322231292724609e+01
1.143706989288330078e+01
1.126314449310302734e+01
1.129267597198486328e+01
1.120996093750000000e+01
1.140136718750000000e+01
1.155097675323486328e+01
1.161085891723632812e+01
1.148915958404541016e+01
1.122896480560302734e+01
1.137732410430908203e+01
1.152673816680908203e+01
1.133738231658935547e+01
1.150775337219238281e+01
1.146769523620605469e+01
1.118206977844238281e+01
1.129417896270751953e+01
1.175908184051513672e+01
1.121408176422119141e+01
1.133826160430908203e+01
1.179892539978027344e+01
1.125509738922119141e+01
1.159621047973632812e+01
1.148496055603027344e+01
1.143246078491210938e+01
1.179771423339843750e+01
1.167283153533935547e+01
1.123273372650146484e+01
1.142974567413330078e+01
1.123410129547119141e+01
1.120912075042724609e+01
1.162365245819091797e+01
1.126050758361816406e+01
1.149992179870605469e+01
1.114308547973632812e+01
1.141613292694091797e+01
1.156089782714843750e+01
1.124222660064697266e+01
1.126677703857421875e+01
1.164001941680908203e+01
1.135365200042724609e+01
1.121121025085449219e+01
1.132773399353027344e+01
1.140089797973632812e+01
1.148986339569091797e+01
1.132513618469238281e+01
1.100238227844238281e+01
1.137642574310302734e+01
1.120166015625000000e+01
1.136562442779541016e+01
1.168206977844238281e+01
1.135949230194091797e+01
1.142902278900146484e+01
1.131818294525146484e+01
1.138916015625000000e+01
1.122617149353027344e+01
1.121203136444091797e+01
1.148552703857421875e+01
1.145214843750000000e+01
1.155583953857421875e+01
1.134468746185302734e+01
1.111519527435302734e+01
1.155167961120605469e+01
1.121794891357421875e+01
1.123615169525146484e+01
1.131224536895751953e+01
1.176751899719238281e+01
1.113564395904541016e+01
1.119640636444091797e+01
1.168561458587646484e+01
1.137097644805908203e+01
1.139396476745605469e+01
1.143703079223632812e+01
1.165341758728027344e+01
1.114021492004394531e+01
1.133455085754394531e+01
1.120871067047119141e+01
1.125107383728027344e+01
1.121374988555908203e+01
1.167921829223632812e+01
1.134333992004394531e+01
1.110599613189697266e+01
1.145140552520751953e+01
1.129964828491210938e+01
1.138779258728027344e+01
1.174871063232421875e+01
1.151613235473632812e+01
1.135224628448486328e+01
1.108373069763183594e+01
1.151146411895751953e+01
1.107808589935302734e+01
1.138253879547119141e+01
1.114408206939697266e+01
1.128628921508789062e+01
1.150062465667724609e+01
1.156736278533935547e+01
1.120146465301513672e+01
1.148669910430908203e+01
1.108515644073486328e+01
1.142904281616210938e+01
1.154248046875000000e+01
1.123089790344238281e+01
1.130302715301513672e+01
1.163367176055908203e+01
1.126492118835449219e+01
1.165566349029541016e+01
1.151687431335449219e+01
1.143195247650146484e+01
1.118863296508789062e+01
1.122124958038330078e+01
1.122955036163330078e+01
1.120984363555908203e+01
1.129925727844238281e+01
1.128183555603027344e+01
1.132117176055908203e+01
1.123515605926513672e+01
1.140968704223632812e+01
1.120298767089843750e+01
1.132628917694091797e+01
1.147056579589843750e+01
1.140621089935302734e+01
1.161374950408935547e+01
1.138542938232421875e+01
1.138203144073486328e+01
1.119843769073486328e+01
1.114921855926513672e+01
1.140486335754394531e+01
1.164960956573486328e+01
1.103595638275146484e+01
1.112445259094238281e+01
1.117099571228027344e+01
1.110263633728027344e+01
1.134894466400146484e+01
1.159994125366210938e+01
1.111015605926513672e+01
1.144156265258789062e+01
1.127460956573486328e+01
1.170236301422119141e+01
1.168302726745605469e+01
1.135499954223632812e+01
1.118687438964843750e+01
1.112687492370605469e+01
1.114003849029541016e+01
1.110894489288330078e+01
1.111910152435302734e+01
1.139597606658935547e+01
1.122671890258789062e+01
1.144667911529541016e+01
1.135714817047119141e+01
1.147726535797119141e+01
1.117869091033935547e+01
1.109494113922119141e+01
1.130085945129394531e+01
1.120060539245605469e+01
1.132716751098632812e+01
1.094410133361816406e+01
1.143927669525146484e+01
1.184667968750000000e+01
1.109124946594238281e+01
1.113941383361816406e+01
1.121031188964843750e+01
1.120712852478027344e+01
1.111255836486816406e+01
1.117277336120605469e+01
1.138001918792724609e+01
1.119570255279541016e+01
8.396918296813964844e+00
4.741178035736083984e+00
3.083690166473388672e+00
3.289771080017089844e+00
2.714078426361083984e+00
2.944955348968505859e+00
2.726921319961547852e+00
2.869319915771484375e+00
2.963680028915405273e+00
2.879675149917602539e+00
2.726705312728881836e+00
2.845392942428588867e+00
3.277050733566284180e+00
3.357686042785644531e+00
3.246428489685058594e+00
2.879444837570190430e+00
2.511088132858276367e+00
3.151592016220092773e+00
2.904988288879394531e+00
2.687054634094238281e+00
3.144174337387084961e+00
3.220458984375000000e+00
2.871515989303588867e+00
3.096908092498779297e+00
2.608265399932861328e+00
3.112827301025390625e+00
3.296493053436279297e+00
2.848507404327392578e+00
3.111277341842651367e+00
2.782725572586059570e+00
2.810830593109130859e+00
2.947955846786499023e+00
3.400582790374755859e+00
3.104735612869262695e+00
2.983787536621093750e+00
2.711900234222412109e+00
3.169907808303833008e+00
3.276140451431274414e+00
3.196529865264892578e+00
2.974554061889648438e+00
3.281474590301513672e+00
3.084644794464111328e+00
2.764294385910034180e+00
2.883207082748413086e+00
2.677912950515747070e+00
3.301506042480468750e+00
2.911208391189575195e+00
3.118460893630981445e+00
2.856482267379760742e+00
3.263490200042724609e+00
3.078581809997558594e+00
3.287472963333129883e+00
3.256668090820312500e+00
3.102486848831176758e+00
3.095828533172607422e+00
2.835152149200439453e+00
3.108590364456176758e+00
2.634132623672485352e+00
3.401168107986450195e+00
3.294801950454711914e+00
2.708110809326171875e+00
2.891565561294555664e+00
2.877549409866333008e+00
3.120601177215576172e+00
3.319638252258300781e+00
2.950259447097778320e+00
3.000405311584472656e+00
3.220167160034179688e+00
2.830167770385742188e+00
2.685548067092895508e+00
2.984586715698242188e+00
2.964485168457031250e+00
2.982104539871215820e+00
3.269201278686523438e+00
3.187051534652709961e+00
3.462692499160766602e+00
3.007883548736572266e+00
3.123367547988891602e+00
2.700275421142578125e+00
3.125902891159057617e+00
3.314327001571655273e+00
2.992163658142089844e+00
2.902812957763671875e+00
3.186915636062622070e+00
3.230352401733398438e+00
2.772825479507446289e+00
3.088907957077026367e+00
3.423468351364135742e+00
2.713793516159057617e+00
3.386578559875488281e+00
3.611076593399047852e+00
3.453871488571166992e+00
3.012284278869628906e+00
2.984425306320190430e+00
3.113923788070678711e+00
3.510216951370239258e+00
3.216752052307128906e+00
3.322996854782104492e+00
3.277436971664428711e+00
3.288098335266113281e+00
2.993317604064941406e+00
3.599613904953002930e+00
3.172947645187377930e+00
3.046644926071166992e+00
3.016414165496826172e+00
3.127713203430175781e+00
3.071856737136840820e+00
3.253627777099609375e+00
2.851170063018798828e+00
3.621923446655273438e+00
3.110845327377319336e+00
3.348400592803955078e+00
2.972566127777099609e+00
3.370990276336669922e+00
3.187761068344116211e+00
3.426157951354980469e+00
3.897809028625488281e+00
3.197335243225097656e+00
2.681602001190185547e+00
3.498960494995117188e+00
3.754384040832519531e+00
3.405503988265991211e+00
3.691715717315673828e+00
3.519397497177124023e+00
2.938052654266357422e+00
3.209350585937500000e+00
3.239331960678100586e+00
3.623320341110229492e+00
3.396867990493774414e+00
3.473467826843261719e+00
3.560472726821899414e+00
3.222206354141235352e+00
3.585552215576171875e+00
3.335509300231933594e+00
3.638266563415527344e+00
3.332052230834960938e+00
3.262531042098999023e+00
3.407414436340332031e+00
3.611392974853515625e+00
3.455129384994506836e+00
3.636871814727783203e+00
3.293875694274902344e+00
3.463726043701171875e+00
3.186144351959228516e+00
3.267500877380371094e+00
3.513579607009887695e+00
3.107521533966064453e+00
3.578246355056762695e+00
3.447999477386474609e+00
3.474004745483398438e+00
3.306190729141235352e+00
3.023388862609863281e+00
3.467248439788818359e+00
3.493705272674560547e+00
3.470522642135620117e+00
3.690955400466918945e+00
4.340787410736083984e+00
3.952123641967773438e+00
3.130618810653686523e+00
3.739605903625488281e+00
3.583432197570800781e+00
3.749286174774169922e+00
3.467853307723999023e+00
3.670676469802856445e+00
3.478209257125854492e+00
3.240152597427368164e+00
3.694852828979492188e+00
3.333420276641845703e+00
3.918083906173706055e+00
3.452668666839599609e+00
3.609120368957519531e+00
3.679668426513671875e+00
4.032949447631835938e+00
3.559121847152709961e+00
3.729108810424804688e+00
3.750533342361450195e+00
3.633198499679565430e+00
3.031844377517700195e+00
3.827520132064819336e+00
3.848923206329345703e+00
3.242597341537475586e+00
3.688190221786499023e+00
3.284340858459472656e+00
3.436319828033447266e+00
3.724880218505859375e+00
3.814240932464599609e+00
3.264015197753906250e+00
3.431151628494262695e+00
3.423968315124511719e+00
3.524026632308959961e+00
3.615560770034790039e+00
3.902405977249145508e+00
3.856265783309936523e+00
3.746100902557373047e+00
4.005383968353271484e+00
3.267616510391235352e+00
3.721627712249755859e+00
3.520931243896484375e+00
3.136468648910522461e+00
3.206927299499511719e+00
3.104887008666992188e+00
3.551869392395019531e+00
3.646208047866821289e+00
3.699337720870971680e+00
3.634290456771850586e+00
3.393729209899902344e+00
3.875801563262939453e+00
3.643773794174194336e+00
4.048315525054931641e+00
3.780121564865112305e+00
3.726516723632812500e+00
3.875942707061767578e+00
3.884734153747558594e+00
3.985877275466918945e+00
3.415475606918334961e+00
3.574254274368286133e+00
3.757425069808959961e+00
3.882799863815307617e+00
3.446894407272338867e+00
3.965856790542602539e+00
3.648110628128051758e+00
3.546057701110839844e+00
3.788098335266113281e+00
3.437780618667602539e+00
3.869272708892822266e+00
3.516005516052246094e+00
3.299880266189575195e+00
3.820109844207763672e+00
3.622649669647216797e+00
4.357650756835937500e+00
4.007784843444824219e+00
3.786646604537963867e+00
3.604375600814819336e+00
3.119606494903564453e+00
4.279415607452392578e+00
3.509217262268066406e+00
3.654999256134033203e+00
3.732886791229248047e+00
3.474614858627319336e+00
3.696089506149291992e+00
3.977501630783081055e+00
4.038412570953369141e+00
3.809390544891357422e+00
3.752558469772338867e+00
3.686793327331542969e+00
3.805917263031005859e+00
3.591285228729248047e+00
3.647366285324096680e+00
3.778067588806152344e+00
3.590263366699218750e+00
3.986631393432617188e+00
3.744700431823730469e+00
3.427982807159423828e+00
4.011916637420654297e+00
4.176517963409423828e+00
3.930290699005126953e+00
4.083947181701660156e+00
3.650947809219360352e+00
3.396291732788085938e+00
4.118785381317138672e+00
3.972183227539062500e+00
3.952881336212158203e+00
4.106934070587158203e+00
4.213947772979736328e+00
3.757397174835205078e+00
4.258926391601562500e+00
3.916267871856689453e+00
4.486919879913330078e+00
3.955360651016235352e+00
4.313699245452880859e+00
4.383148670196533203e+00
3.960911750793457031e+00
3.568589210510253906e+00
4.178043842315673828e+00
4.028866767883300781e+00
4.383677482604980469e+00
3.825321197509765625e+00
4.189020156860351562e+00
3.823380231857299805e+00
3.911551952362060547e+00
3.560075998306274414e+00
3.975020408630371094e+00
3.976596355438232422e+00
4.408025264739990234e+00
4.145019054412841797e+00
4.121584892272949219e+00
3.675515413284301758e+00
3.578625679016113281e+00
4.194785594940185547e+00
3.898909568786621094e+00
4.113642692565917969e+00
4.021632671356201172e+00
3.847071170806884766e+00
3.839015483856201172e+00
3.906948089599609375e+00
4.186148166656494141e+00
3.789617776870727539e+00
3.866439819335937500e+00
3.700841188430786133e+00
3.668662071228027344e+00
4.394547462463378906e+00
4.077928543090820312e+00
4.513360500335693359e+00
4.367161273956298828e+00
3.865493774414062500e+00
3.731600761413574219e+00
4.085038185119628906e+00
4.073953151702880859e+00
4.103956699371337891e+00
4.036542892456054688e+00
3.922215700149536133e+00
3.343184947967529297e+00
3.905606269836425781e+00
4.089534759521484375e+00
4.198879718780517578e+00
3.356840133666992188e+00
4.229339599609375000e+00
4.019180774688720703e+00
4.015852451324462891e+00
3.855794906616210938e+00
4.288299083709716797e+00
4.009457588195800781e+00
3.973819255828857422e+00
4.306315422058105469e+00
4.101930618286132812e+00
4.035374164581298828e+00
3.784762859344482422e+00
3.960831165313720703e+00
4.373750686645507812e+00
4.436151027679443359e+00
4.054040908813476562e+00
4.188621044158935547e+00
3.652866840362548828e+00
4.169961929321289062e+00
3.772095203399658203e+00
3.779915094375610352e+00
3.790653944015502930e+00
4.445260047912597656e+00
4.171689987182617188e+00
4.156634330749511719e+00
3.995361328125000000e+00
3.720586061477661133e+00
3.994020938873291016e+00
4.384302616119384766e+00
3.922654390335083008e+00
3.848871946334838867e+00
3.830477237701416016e+00
3.693211317062377930e+00
4.277710914611816406e+00
3.794394969940185547e+00
4.012308597564697266e+00
3.745660305023193359e+00
3.789576530456542969e+00
4.211418151855468750e+00
3.526860475540161133e+00
3.756256818771362305e+00
4.251085758209228516e+00
4.182193279266357422e+00
3.618195056915283203e+00
3.880274534225463867e+00
4.105852127075195312e+00
4.347304344177246094e+00
3.544980287551879883e+00
3.845433950424194336e+00
3.667971611022949219e+00
3.428082704544067383e+00
3.199701070785522461e+00
3.531351327896118164e+00
3.439450502395629883e+00
3.365809917449951172e+00
3.613028526306152344e+00
3.702502965927124023e+00
3.928426504135131836e+00
3.522223949432373047e+00
3.717334270477294922e+00
3.656585693359375000e+00
3.336046457290649414e+00
3.161476373672485352e+00
3.107734203338623047e+00
3.208156585693359375e+00
2.878663301467895508e+00
3.653103590011596680e+00
3.654303789138793945e+00
3.542639970779418945e+00
3.096557855606079102e+00
3.128199815750122070e+00
3.480574607849121094e+00
2.914349079132080078e+00
2.956253290176391602e+00
2.405053615570068359e+00
2.910016059875488281e+00
3.290968894958496094e+00
2.784662723541259766e+00
2.905353546142578125e+00
3.078487873077392578e+00
2.999831438064575195e+00
2.993076801300048828e+00
2.691571950912475586e+00
3.115646839141845703e+00
