1.291975784301757812e+01
1.404015636444091797e+01
1.389134597778320312e+01
1.356510829925537109e+01
1.370655250549316406e+01
1.359158992767333984e+01
1.340826416015625000e+01
1.344477748870849609e+01
1.304683589935302734e+01
1.296347904205322266e+01
1.300407028198242188e+01
1.292290401458740234e+01
1.287511730194091797e+01
1.291203594207763672e+01
1.274358844757080078e+01
1.268960380554199219e+01
1.240458488464355469e+01
1.276611995697021484e+01
1.258716297149658203e+01
1.261380386352539062e+01
1.241720390319824219e+01
1.259882450103759766e+01
1.247106552124023438e+01
1.212621784210205078e+01
1.211201667785644531e+01
1.255067253112792969e+01
1.219739151000976562e+01
1.256819915771484375e+01
1.232997798919677734e+01
1.206334781646728516e+01
1.180873966217041016e+01
1.212677097320556641e+01
1.203935527801513672e+01
1.217645645141601562e+01
1.229267215728759766e+01
1.214841651916503906e+01
1.216308307647705078e+01
1.230260467529296875e+01
1.230241584777832031e+01
1.204708099365234375e+01
1.205732059478759766e+01
1.206208324432373047e+01
1.195366287231445312e+01
1.193879222869873047e+01
1.202298641204833984e+01
1.197987651824951172e+01
1.223652076721191406e+01
1.199228286743164062e+01
1.192122554779052734e+01
1.201895618438720703e+01
1.193749618530273438e+01
1.210420036315917969e+01
1.199863910675048828e+01
1.203891372680664062e+01
1.187496566772460938e+01
1.192060279846191406e+01
1.224959564208984375e+01
1.199621391296386719e+01
1.184987545013427734e+01
1.180344867706298828e+01
1.200542926788330078e+01
1.195568847656250000e+01
1.172708225250244141e+01
1.163187503814697266e+01
1.189757442474365234e+01
1.203430652618408203e+01
1.205052185058593750e+01
1.195697498321533203e+01
1.182825660705566406e+01
1.184011459350585938e+01
1.178020858764648438e+01
1.186829185485839844e+01
1.195244884490966797e+01
1.217628479003906250e+01
1.199581718444824219e+01
1.186428356170654297e+01
1.206852054595947266e+01
1.176487541198730469e+01
1.182513618469238281e+01
1.197163677215576172e+01
1.191940307617187500e+01
1.176439094543457031e+01
1.206474018096923828e+01
1.204825401306152344e+01
1.160910415649414062e+01
1.164695262908935547e+01
1.177916431427001953e+01
1.190538883209228516e+01
1.219934177398681641e+01
1.206935596466064453e+01
1.197256183624267578e+01
1.187832164764404297e+01
1.173804569244384766e+01
1.152364730834960938e+01
1.163194561004638672e+01
1.142571258544921875e+01
1.156199073791503906e+01
1.132850837707519531e+01
1.152723598480224609e+01
1.183047199249267578e+01
1.176127147674560547e+01
1.201638984680175781e+01
1.171220874786376953e+01
1.217547321319580078e+01
1.185657691955566406e+01
1.167399597167968750e+01
1.172722911834716797e+01
1.184030246734619141e+01
1.164590072631835938e+01
1.190031623840332031e+01
1.190259361267089844e+01
1.172092247009277344e+01
1.171386718750000000e+01
1.171837234497070312e+01
1.187086677551269531e+01
1.164829730987548828e+01
1.161830902099609375e+01
1.162930774688720703e+01
1.200732994079589844e+01
1.190258312225341797e+01
1.176145839691162109e+01
1.186350345611572266e+01
1.192840099334716797e+01
1.176548099517822266e+01
1.169858360290527344e+01
1.159191226959228516e+01
1.174653148651123047e+01
1.170239830017089844e+01
1.158945369720458984e+01
1.183343124389648438e+01
1.149307632446289062e+01
1.177013969421386719e+01
1.161661434173583984e+01
1.181316661834716797e+01
1.172921752929687500e+01
1.148716640472412109e+01
1.155796813964843750e+01
1.147402954101562500e+01
1.172305679321289062e+01
1.148852062225341797e+01
1.182162570953369141e+01
1.154418087005615234e+01
1.163435363769531250e+01
1.164531230926513672e+01
1.171545124053955078e+01
1.186062622070312500e+01
1.186140727996826172e+01
1.173738765716552734e+01
1.164815425872802734e+01
1.180018615722656250e+01
1.183264636993408203e+01
1.150939750671386719e+01
1.151982879638671875e+01
1.157249259948730469e+01
1.192469596862792969e+01
1.165742206573486328e+01
1.173433971405029297e+01
1.144761085510253906e+01
1.155662727355957031e+01
1.161552906036376953e+01
1.149187469482421875e+01
1.148498344421386719e+01
1.164536094665527344e+01
1.205039405822753906e+01
1.200092029571533203e+01
1.150221061706542969e+01
1.170832538604736328e+01
1.151472187042236328e+01
1.148020839691162109e+01
1.155830192565917969e+01
1.182289981842041016e+01
1.161977386474609375e+01
1.180822372436523438e+01
1.166642189025878906e+01
1.163930988311767578e+01
1.135371303558349609e+01
1.168283748626708984e+01
1.166612625122070312e+01
1.147079277038574219e+01
1.165543174743652344e+01
1.198709964752197266e+01
1.175432014465332031e+01
1.176467037200927734e+01
1.158547973632812500e+01
1.164930152893066406e+01
1.153397846221923828e+01
1.170479202270507812e+01
1.167088985443115234e+01
1.167877864837646484e+01
1.134379863739013672e+01
1.157788085937500000e+01
1.166662693023681641e+01
1.175153160095214844e+01
1.157126235961914062e+01
1.158474731445312500e+01
1.156976699829101562e+01
1.172006034851074219e+01
1.172696876525878906e+01
1.170522212982177734e+01
1.144363784790039062e+01
1.145826053619384766e+01
1.162115669250488281e+01
1.158730888366699219e+01
1.180456161499023438e+01
1.143023872375488281e+01
1.156305789947509766e+01
1.172746181488037109e+01
1.129911613464355469e+01
1.135884094238281250e+01
1.178514766693115234e+01
1.158707332611083984e+01
1.133413887023925781e+01
1.148912525177001953e+01
1.176173114776611328e+01
1.146332836151123047e+01
1.156197643280029297e+01
1.200782585144042969e+01
1.170174407958984375e+01
1.143537044525146484e+01
1.146361160278320312e+01
1.167097949981689453e+01
1.154557323455810547e+01
1.125360202789306641e+01
1.140110492706298828e+01
1.170638656616210938e+01
1.152199268341064453e+01
1.151364803314208984e+01
1.144174861907958984e+01
1.134529304504394531e+01
1.154207611083984375e+01
1.164083671569824219e+01
1.158462524414062500e+01
1.172698974609375000e+01
1.157231807708740234e+01
1.175366783142089844e+01
1.151543998718261719e+01
1.154275321960449219e+01
1.166291236877441406e+01
1.153505134582519531e+01
1.150511932373046875e+01
1.147963428497314453e+01
1.175279712677001953e+01
1.154084682464599609e+01
1.174502086639404297e+01
1.162622737884521484e+01
1.135825157165527344e+01
1.157958126068115234e+01
1.167380428314208984e+01
1.151967716217041016e+01
1.129764461517333984e+01
1.138495445251464844e+01
1.160635471343994141e+01
1.157518196105957031e+01
1.149047088623046875e+01
1.189150524139404297e+01
1.140432453155517578e+01
1.151700401306152344e+01
1.147525405883789062e+01
1.165348815917968750e+01
1.172694873809814453e+01
1.134036827087402344e+01
1.150945377349853516e+01
1.150042724609375000e+01
1.166921997070312500e+01
1.127218246459960938e+01
1.146010208129882812e+01
1.178142547607421875e+01
1.160924148559570312e+01
1.162433719635009766e+01
1.140711021423339844e+01
1.134032058715820312e+01
1.152239227294921875e+01
1.161516284942626953e+01
1.178528881072998047e+01
1.169492244720458984e+01
1.146789264678955078e+01
1.142857074737548828e+01
1.152116775512695312e+01
1.169421768188476562e+01
1.167358112335205078e+01
1.140856170654296875e+01
1.167565631866455078e+01
1.176802730560302734e+01
1.138042354583740234e+01
1.143241405487060547e+01
1.165928554534912109e+01
1.176581192016601562e+01
1.165973091125488281e+01
1.129206275939941406e+01
1.161859226226806641e+01
1.157937622070312500e+01
1.163981819152832031e+01
1.145295047760009766e+01
1.145579910278320312e+01
1.165139579772949219e+01
1.157578754425048828e+01
1.124557876586914062e+01
1.143780899047851562e+01
1.167509269714355469e+01
1.141509819030761719e+01
1.154154491424560547e+01
1.144878482818603516e+01
1.185967636108398438e+01
1.162340164184570312e+01
1.147040462493896484e+01
1.145114994049072266e+01
1.118597602844238281e+01
1.135249519348144531e+01
1.119432067871093750e+01
1.168994235992431641e+01
1.141333484649658203e+01
1.143566226959228516e+01
1.161617755889892578e+01
1.143711566925048828e+01
1.129940795898437500e+01
1.148919773101806641e+01
1.151662540435791016e+01
1.140410041809082031e+01
1.152053833007812500e+01
1.157863044738769531e+01
1.156380367279052734e+01
1.141291809082031250e+01
1.166419315338134766e+01
1.148759937286376953e+01
1.152392101287841797e+01
1.158864307403564453e+01
1.131134128570556641e+01
1.125682926177978516e+01
1.162838935852050781e+01
1.137082481384277344e+01
1.153141784667968750e+01
1.151582813262939453e+01
1.127283954620361328e+01
1.137066650390625000e+01
1.158568191528320312e+01
1.145865726470947266e+01
1.148314094543457031e+01
1.155493354797363281e+01
1.153643608093261719e+01
1.158697223663330078e+01
1.155994987487792969e+01
1.174847888946533203e+01
1.135764122009277344e+01
1.140597629547119141e+01
1.162730216979980469e+01
1.159759616851806641e+01
1.155738735198974609e+01
1.125018501281738281e+01
1.161140823364257812e+01
1.170830631256103516e+01
1.150044155120849609e+01
1.144183540344238281e+01
1.168745708465576172e+01
1.148317146301269531e+01
1.146044063568115234e+01
1.178172779083251953e+01
1.165885734558105469e+01
1.129315280914306641e+01
1.143094825744628906e+01
1.144354724884033203e+01
1.146267318725585938e+01
1.133107376098632812e+01
1.175425243377685547e+01
1.136425495147705078e+01
1.154405879974365234e+01
1.142749595642089844e+01
1.144672489166259766e+01
1.133096408843994141e+01
1.155472850799560547e+01
1.142835426330566406e+01
1.149072837829589844e+01
1.136508655548095703e+01
1.138830375671386719e+01
1.154093074798583984e+01
1.146385669708251953e+01
1.158049392700195312e+01
1.148831367492675781e+01
1.178674030303955078e+01
1.149934864044189453e+01
1.130192470550537109e+01
1.140002918243408203e+01
1.138330650329589844e+01
1.119102001190185547e+01
1.143134212493896484e+01
1.136465454101562500e+01
1.119478225708007812e+01
1.135163688659667969e+01
1.154276847839355469e+01
1.159647655487060547e+01
1.182247734069824219e+01
1.140773773193359375e+01
1.173407554626464844e+01
1.138896179199218750e+01
1.132055759429931641e+01
1.162604427337646484e+01
1.122277450561523438e+01
1.159480476379394531e+01
1.132937431335449219e+01
1.136534023284912109e+01
1.139421367645263672e+01
6.981569290161132812e+00
2.053400516510009766e+00
8.542607426643371582e-01
7.412258982658386230e-01
4.214812517166137695e-01
3.327513039112091064e-01
3.201948404312133789e-01
2.028999328613281250e-01
2.014410346746444702e-01
1.718119084835052490e-01
1.952175796031951904e-01
2.692008316516876221e-01
1.604895144701004028e-01
1.930883526802062988e-01
9.925544261932373047e-02
1.872887313365936279e-01
1.290926188230514526e-01
1.945600658655166626e-01
1.340750604867935181e-01
1.048002094030380249e-01
1.134993880987167358e-01
9.690082073211669922e-02
8.421782404184341431e-02
7.336997240781784058e-02
1.309845745563507080e-01
1.003734916448593140e-01
4.654087871313095093e-02
1.495604068040847778e-01
1.081751063466072083e-01
8.380886912345886230e-02
8.719032257795333862e-02
7.048957794904708862e-02
1.115933358669281006e-01
9.129668027162551880e-02
1.313908547163009644e-01
7.696489244699478149e-02
9.079086780548095703e-02
6.270106136798858643e-02
1.116311624646186829e-01
5.475756153464317322e-02
7.280443608760833740e-02
1.445971131324768066e-01
9.131930023431777954e-02
5.337952449917793274e-02
5.703500658273696899e-02
4.422721639275550842e-02
1.028694137930870056e-01
1.264802515506744385e-01
7.327457517385482788e-02
8.572350442409515381e-02
7.245115190744400024e-02
3.446801379323005676e-02
1.011122465133666992e-01
7.350239902734756470e-02
9.716509282588958740e-02
1.024133786559104919e-01
9.078527987003326416e-02
5.852880701422691345e-02
9.261262416839599609e-02
4.694247990846633911e-02
1.435781866312026978e-01
3.840104863047599792e-02
7.243575900793075562e-02
2.691152505576610565e-02
5.316340178251266479e-02
7.214300334453582764e-02
5.275471508502960205e-02
7.570838928222656250e-02
8.602802455425262451e-02
6.000445410609245300e-02
5.858265608549118042e-02
2.192977815866470337e-02
1.145176067948341370e-01
1.317292302846908569e-01
7.387523353099822998e-02
4.727238044142723083e-02
1.186531782150268555e-01
8.662694692611694336e-02
4.357444494962692261e-02
4.886443912982940674e-02
9.117204695940017700e-02
5.278269946575164795e-02
4.074018448591232300e-02
5.846802890300750732e-02
8.230066299438476562e-02
3.962048143148422241e-02
7.313070446252822876e-02
8.910057693719863892e-02
8.528981357812881470e-02
6.449099630117416382e-02
4.276029393076896667e-02
4.671901091933250427e-02
9.963929653167724609e-02
4.641445353627204895e-02
6.984443962574005127e-02
4.276289045810699463e-02
6.137020513415336609e-02
5.814431607723236084e-02
5.715093389153480530e-02
1.302534937858581543e-01
7.423349469900131226e-02
5.533358082175254822e-02
4.726780951023101807e-02
5.215639993548393250e-02
5.901608243584632874e-02
6.508794426918029785e-02
6.094459444284439087e-02
4.118352755904197693e-02
6.035467982292175293e-02
4.292802140116691589e-02
9.439894556999206543e-02
4.714757204055786133e-02
7.577679306268692017e-02
2.469946257770061493e-02
2.382720261812210083e-02
5.035080760717391968e-02
3.758982196450233459e-02
4.116923362016677856e-02
7.609817385673522949e-02
9.191812574863433838e-02
3.003421425819396973e-02
1.038146764039993286e-01
4.860024899244308472e-02
6.896701455116271973e-02
6.147378310561180115e-02
4.554135724902153015e-02
7.913459837436676025e-02
4.310943186283111572e-02
1.165453568100929260e-01
7.882889360189437866e-02
7.473601400852203369e-02
4.657173156738281250e-02
3.364351764321327209e-02
6.358987838029861450e-02
3.128356486558914185e-02
6.937382370233535767e-02
5.672721192240715027e-02
2.247455529868602753e-02
7.277277857065200806e-02
6.573022156953811646e-02
6.374103575944900513e-02
6.135195493698120117e-02
5.408341437578201294e-02
5.765824019908905029e-02
6.857889145612716675e-02
7.647150754928588867e-02
3.883789852261543274e-02
5.121130868792533875e-02
5.465541407465934753e-02
4.567529261112213135e-02
3.291893377900123596e-02
9.093688428401947021e-02
8.713576197624206543e-02
5.148557201027870178e-02
5.893787369132041931e-02
2.760189399123191833e-02
5.062608420848846436e-02
5.236542224884033203e-02
5.560677498579025269e-02
8.267202973365783691e-02
4.716394469141960144e-02
6.551677733659744263e-02
6.328005343675613403e-02
3.753693029284477234e-02
7.154177874326705933e-02
6.969392299652099609e-02
5.385826155543327332e-02
4.606991633772850037e-02
3.414038568735122681e-02
5.314923077821731567e-02
6.815835088491439819e-02
9.188742190599441528e-02
7.787068188190460205e-02
4.862700030207633972e-02
5.627441778779029846e-02
2.256457693874835968e-02
4.889906942844390869e-02
2.758336812257766724e-02
6.491111963987350464e-02
5.746101215481758118e-02
5.683167278766632080e-02
4.000931233167648315e-02
4.969112202525138855e-02
2.851066738367080688e-02
6.172397360205650330e-02
1.065383031964302063e-01
7.420391589403152466e-02
8.171848207712173462e-02
5.706397071480751038e-02
5.574010312557220459e-02
2.967477403581142426e-02
5.394434183835983276e-02
3.739736974239349365e-02
4.144166037440299988e-02
4.904985427856445312e-02
5.438077449798583984e-02
5.309935286641120911e-02
7.285792380571365356e-02
4.509950056672096252e-02
5.786121636629104614e-02
4.957126080989837646e-02
9.243168681859970093e-02
8.095318824052810669e-02
6.482502073049545288e-02
8.787244558334350586e-02
7.443191111087799072e-02
5.814253166317939758e-02
5.396511778235435486e-02
3.390443697571754456e-02
3.946547955274581909e-02
3.280331566929817200e-02
4.657643288373947144e-02
7.291146367788314819e-02
5.932557582855224609e-02
6.539741158485412598e-02
6.924521178007125854e-02
8.179719001054763794e-02
5.899509415030479431e-02
4.978780075907707214e-02
6.931958347558975220e-02
5.593394488096237183e-02
2.160154841840267181e-02
4.292984306812286377e-02
5.095623806118965149e-02
9.590772539377212524e-02
5.123750120401382446e-02
5.213426053524017334e-02
6.558777391910552979e-02
8.855833113193511963e-02
4.704814031720161438e-02
3.114353865385055542e-02
9.179922938346862793e-02
8.727366477251052856e-02
4.495089873671531677e-02
4.471303522586822510e-02
1.018266007304191589e-01
3.371457383036613464e-02
1.159024760127067566e-01
2.919640764594078064e-02
8.420168608427047729e-02
5.100560933351516724e-02
2.742751687765121460e-02
6.161681190133094788e-02
8.587725460529327393e-02
5.835594609379768372e-02
4.645216837525367737e-02
3.580959886312484741e-02
3.204170987010002136e-02
7.481454312801361084e-02
4.368736594915390015e-02
3.765607625246047974e-02
7.915743440389633179e-02
8.042330294847488403e-02
6.598790735006332397e-02
7.447445392608642578e-02
3.979039192199707031e-02
4.404815658926963806e-02
3.194591030478477478e-02
5.269252136349678040e-02
4.112058505415916443e-02
4.043437913060188293e-02
5.515882745385169983e-02
4.343694075942039490e-02
5.761970207095146179e-02
5.587607249617576599e-02
4.377195239067077637e-02
8.163890987634658813e-02
5.012659355998039246e-02
6.876341998577117920e-02
6.936372816562652588e-02
4.068923741579055786e-02
7.353740185499191284e-02
2.363304607570171356e-02
4.173468425869941711e-02
4.812676459550857544e-02
4.495785757899284363e-02
5.794013291597366333e-02
6.002304330468177795e-02
6.309993565082550049e-02
8.511517941951751709e-02
3.121550753712654114e-02
5.997180938720703125e-02
4.716248437762260437e-02
8.547632396221160889e-02
7.386553287506103516e-02
5.973988026380538940e-02
4.754611849784851074e-02
3.507232666015625000e-02
5.017842352390289307e-02
4.676315188407897949e-02
5.324716493487358093e-02
4.046043008565902710e-02
3.034196794033050537e-02
4.637540876865386963e-02
6.194112077355384827e-02
3.899871930480003357e-02
3.662725165486335754e-02
8.541173487901687622e-02
3.670879825949668884e-02
6.950147449970245361e-02
6.388715654611587524e-02
4.570174962282180786e-02
3.862614184617996216e-02
6.746055185794830322e-02
6.406787782907485962e-02
3.848635032773017883e-02
6.708376109600067139e-02
9.323125332593917847e-02
2.720766700804233551e-02
7.406052947044372559e-02
9.493009001016616821e-02
5.534740164875984192e-02
1.088053360581398010e-01
6.340984255075454712e-02
1.160173937678337097e-01
1.276673972606658936e-01
7.678136974573135376e-02
6.229288503527641296e-02
2.937296591699123383e-02
8.497440814971923828e-02
9.515138715505599976e-02
7.064811885356903076e-02
3.447017446160316467e-02
6.122262030839920044e-02
2.135099656879901886e-02
4.064416140317916870e-02
4.881421849131584167e-02
7.733297348022460938e-02
5.937238037586212158e-02
6.466346234083175659e-02
6.652270257472991943e-02
4.868251085281372070e-02
5.429774150252342224e-02
7.984138280153274536e-02
5.995368957519531250e-02
4.762767255306243896e-02
4.881632328033447266e-02
3.201127797365188599e-02
7.320017367601394653e-02
5.352516844868659973e-02
4.622258618474006653e-02
4.080878943204879761e-02
5.766501650214195251e-02
9.330356121063232422e-02
6.973826885223388672e-02
4.812500998377799988e-02
5.117087066173553467e-02
4.457096010446548462e-02
5.441833287477493286e-02
3.596930578351020813e-02
5.271975696086883545e-02
5.769495293498039246e-02
3.644618391990661621e-02
4.834805056452751160e-02
5.276453867554664612e-02
3.658388182520866394e-02
3.404913097620010376e-02
8.939316868782043457e-02
2.923562377691268921e-02
3.753812238574028015e-02
9.156713634729385376e-02
3.488151729106903076e-02
4.479165002703666687e-02
2.527580410242080688e-02
6.411669403314590454e-02
9.139690548181533813e-02
5.360225960612297058e-02
7.736532390117645264e-02
4.924856498837471008e-02
2.370390854775905609e-02
7.085776329040527344e-02
8.165834099054336548e-02
3.190001845359802246e-02
3.132224082946777344e-02
6.431085616350173950e-02
3.729208558797836304e-02
3.150119632482528687e-02
4.531072080135345459e-02
3.456187620759010315e-02
2.021384611725807190e-02
5.706300586462020874e-02
1.637219823896884918e-02
5.579064786434173584e-02
3.859677910804748535e-02
4.978811740875244141e-02
3.458971530199050903e-02
1.019267439842224121e-01
5.358466133475303650e-02
6.907887011766433716e-02
4.512930661439895630e-02
4.687316715717315674e-02
4.540440067648887634e-02
4.679481312632560730e-02
2.752589806914329529e-02
8.937378972768783569e-02
4.083844646811485291e-02
6.638439744710922241e-02
5.482637137174606323e-02
8.013308048248291016e-02
