1.432465648651123047e+01
1.386245346069335938e+01
1.409843730926513672e+01
1.346722126007080078e+01
1.307460403442382812e+01
1.290018749237060547e+01
1.290973949432373047e+01
1.292004108428955078e+01
1.266540622711181641e+01
1.300473690032958984e+01
1.231020736694335938e+01
1.221352291107177734e+01
1.241967296600341797e+01
1.246714210510253906e+01
1.278008747100830078e+01
1.220228958129882812e+01
1.203695678710937500e+01
1.217656803131103516e+01
1.202125358581542969e+01
1.207005691528320312e+01
1.192564105987548828e+01
1.197253799438476562e+01
1.187637424468994141e+01
1.220165824890136719e+01
1.208118915557861328e+01
1.181045627593994141e+01
1.181744575500488281e+01
1.183218574523925781e+01
1.172271347045898438e+01
1.194218921661376953e+01
1.202679538726806641e+01
1.173682212829589844e+01
1.201024913787841797e+01
1.175724697113037109e+01
1.184185123443603516e+01
1.210190010070800781e+01
1.170910835266113281e+01
1.176068592071533203e+01
1.184317016601562500e+01
1.171788024902343750e+01
1.203409385681152344e+01
1.203577709197998047e+01
1.184911441802978516e+01
1.174042415618896484e+01
1.191504764556884766e+01
1.180580139160156250e+01
1.185249233245849609e+01
1.159274864196777344e+01
1.174324417114257812e+01
1.125450134277343750e+01
1.133110809326171875e+01
1.178681373596191406e+01
1.180801773071289062e+01
1.188914012908935547e+01
1.149385356903076172e+01
1.140992641448974609e+01
1.168916797637939453e+01
1.162527084350585938e+01
1.173006439208984375e+01
1.171086502075195312e+01
1.178485584259033203e+01
1.164670181274414062e+01
1.160726261138916016e+01
1.172046756744384766e+01
1.176051998138427734e+01
1.149099731445312500e+01
1.178020191192626953e+01
1.156870937347412109e+01
1.178037548065185547e+01
1.167632198333740234e+01
1.145286846160888672e+01
1.158798313140869141e+01
1.206914806365966797e+01
1.149714565277099609e+01
1.146855831146240234e+01
1.157313919067382812e+01
1.125508785247802734e+01
1.160026073455810547e+01
1.147071552276611328e+01
1.149079608917236328e+01
1.156991958618164062e+01
1.142147827148437500e+01
1.157779788970947266e+01
1.154952526092529297e+01
1.130075645446777344e+01
1.167780971527099609e+01
1.183501148223876953e+01
1.170623111724853516e+01
1.134051895141601562e+01
1.146997261047363281e+01
1.154434776306152344e+01
1.157622432708740234e+01
1.134581851959228516e+01
1.167409420013427734e+01
1.144308948516845703e+01
1.137211132049560547e+01
1.153518772125244141e+01
1.137489604949951172e+01
1.164822196960449219e+01
1.123203563690185547e+01
1.149160099029541016e+01
1.166039848327636719e+01
1.151775455474853516e+01
1.164982795715332031e+01
1.142412471771240234e+01
1.124252128601074219e+01
1.149228763580322266e+01
1.148242855072021484e+01
1.161186981201171875e+01
1.129477405548095703e+01
1.168425273895263672e+01
1.156401443481445312e+01
1.164901065826416016e+01
1.141149902343750000e+01
1.126410579681396484e+01
1.157879638671875000e+01
1.138493824005126953e+01
1.166665172576904297e+01
1.146273040771484375e+01
1.153631973266601562e+01
1.165488529205322266e+01
1.148499870300292969e+01
1.147594547271728516e+01
1.140495967864990234e+01
1.146535587310791016e+01
1.133333683013916016e+01
1.141511058807373047e+01
1.130877304077148438e+01
1.152082729339599609e+01
1.147093868255615234e+01
1.164830684661865234e+01
1.141664505004882812e+01
1.143212127685546875e+01
1.139973354339599609e+01
1.120374965667724609e+01
1.158781719207763672e+01
1.155735778808593750e+01
1.149327945709228516e+01
1.138790893554687500e+01
1.123748302459716797e+01
1.144773674011230469e+01
1.146533393859863281e+01
1.142690277099609375e+01
1.138720321655273438e+01
1.155577087402343750e+01
1.152147769927978516e+01
1.148688602447509766e+01
1.127243137359619141e+01
1.137387180328369141e+01
1.118436050415039062e+01
1.145287227630615234e+01
1.123173522949218750e+01
1.122796344757080078e+01
1.149065494537353516e+01
1.125173950195312500e+01
1.108697128295898438e+01
1.125344562530517578e+01
1.148537540435791016e+01
1.159901142120361328e+01
1.131172180175781250e+01
1.134117317199707031e+01
1.167042827606201172e+01
1.142215824127197266e+01
1.145798110961914062e+01
1.165627861022949219e+01
1.156403827667236328e+01
1.107202816009521484e+01
1.147254371643066406e+01
1.117875671386718750e+01
1.133702468872070312e+01
1.143970584869384766e+01
1.153423595428466797e+01
1.138328838348388672e+01
1.151502323150634766e+01
1.145848941802978516e+01
1.138039302825927734e+01
1.148395252227783203e+01
1.138070201873779297e+01
1.164933681488037109e+01
1.122332096099853516e+01
1.168861865997314453e+01
1.148076915740966797e+01
1.128126907348632812e+01
1.141336059570312500e+01
1.165176105499267578e+01
1.134045028686523438e+01
1.139220333099365234e+01
1.148437976837158203e+01
1.158217239379882812e+01
1.144032478332519531e+01
1.132549285888671875e+01
1.131179141998291016e+01
1.152705860137939453e+01
1.158193492889404297e+01
1.148426723480224609e+01
1.116400623321533203e+01
1.136501693725585938e+01
1.150624084472656250e+01
1.136525726318359375e+01
1.146179676055908203e+01
1.142612743377685547e+01
1.113805675506591797e+01
1.129234600067138672e+01
1.141364574432373047e+01
1.141770839691162109e+01
1.144188404083251953e+01
1.144974803924560547e+01
1.149147891998291016e+01
1.142664146423339844e+01
1.153527450561523438e+01
1.144497013092041016e+01
1.110009860992431641e+01
1.129949951171875000e+01
1.120251941680908203e+01
1.151408290863037109e+01
1.146810150146484375e+01
1.114272212982177734e+01
1.138555908203125000e+01
1.144413185119628906e+01
1.157271099090576172e+01
1.130545520782470703e+01
1.143933105468750000e+01
1.168402576446533203e+01
1.150657653808593750e+01
1.132551860809326172e+01
1.159325122833251953e+01
1.129271221160888672e+01
1.132666969299316406e+01
1.146414566040039062e+01
1.148296356201171875e+01
1.134214210510253906e+01
1.142453193664550781e+01
1.122092533111572266e+01
1.148614501953125000e+01
1.123248767852783203e+01
1.134078979492187500e+01
1.142429828643798828e+01
1.123960208892822266e+01
1.108702087402343750e+01
1.142239570617675781e+01
1.138997936248779297e+01
1.133406257629394531e+01
1.133923912048339844e+01
1.135512828826904297e+01
1.120876312255859375e+01
1.146005344390869141e+01
1.135190868377685547e+01
1.120585155487060547e+01
1.131662654876708984e+01
1.108259391784667969e+01
1.149942111968994141e+01
1.132580757141113281e+01
1.119396495819091797e+01
1.134705257415771484e+01
1.110639953613281250e+01
1.143673038482666016e+01
1.117868614196777344e+01
1.141581916809082031e+01
1.125850582122802734e+01
1.139002037048339844e+01
1.127962875366210938e+01
1.120806884765625000e+01
1.145580673217773438e+01
1.128221893310546875e+01
1.167452716827392578e+01
1.133957004547119141e+01
1.127944564819335938e+01
1.113817119598388672e+01
1.140019702911376953e+01
1.139480781555175781e+01
1.130748176574707031e+01
1.131195640563964844e+01
1.146188449859619141e+01
1.123363590240478516e+01
1.133601188659667969e+01
1.099968147277832031e+01
1.118551826477050781e+01
1.137566947937011719e+01
1.141042041778564453e+01
1.155794620513916016e+01
1.136000823974609375e+01
1.101311016082763672e+01
1.121129989624023438e+01
1.135319805145263672e+01
1.133223247528076172e+01
1.098701381683349609e+01
1.137440872192382812e+01
1.162350940704345703e+01
1.142952728271484375e+01
1.148060512542724609e+01
1.166932487487792969e+01
1.102287960052490234e+01
1.167199802398681641e+01
1.156029891967773438e+01
1.134937953948974609e+01
1.115357685089111328e+01
1.122834682464599609e+01
1.122011089324951172e+01
1.143455314636230469e+01
1.146824073791503906e+01
1.145637798309326172e+01
1.133313655853271484e+01
1.123738288879394531e+01
1.111827278137207031e+01
1.122668647766113281e+01
1.141259288787841797e+01
1.108312511444091797e+01
1.128720569610595703e+01
1.123822879791259766e+01
1.122909736633300781e+01
1.129976081848144531e+01
1.120244121551513672e+01
1.103524303436279297e+01
1.180882644653320312e+01
1.132814502716064453e+01
1.147969913482666016e+01
1.127759838104248047e+01
1.116029262542724609e+01
1.131392383575439453e+01
1.122639656066894531e+01
1.141553401947021484e+01
1.138597106933593750e+01
1.121075820922851562e+01
1.115326595306396484e+01
1.121662235260009766e+01
1.111219692230224609e+01
1.134724235534667969e+01
1.147698783874511719e+01
1.122856998443603516e+01
1.101999378204345703e+01
1.127350234985351562e+01
1.132816600799560547e+01
1.131347465515136719e+01
1.117338943481445312e+01
1.138016605377197266e+01
1.136077404022216797e+01
1.109680557250976562e+01
1.151631832122802734e+01
1.104210090637207031e+01
1.123278427124023438e+01
1.148446846008300781e+01
1.123692703247070312e+01
1.141612720489501953e+01
1.139908027648925781e+01
1.136709785461425781e+01
1.116704940795898438e+01
1.147221660614013672e+01
1.111833858489990234e+01
1.125141048431396484e+01
1.141704463958740234e+01
1.131043052673339844e+01
1.143244934082031250e+01
1.140160083770751953e+01
1.118170356750488281e+01
1.122176361083984375e+01
1.135925292968750000e+01
1.130594825744628906e+01
1.146678161621093750e+01
1.116648674011230469e+01
1.140574359893798828e+01
1.126494979858398438e+01
1.135589408874511719e+01
1.118555259704589844e+01
1.106971454620361328e+01
1.165315723419189453e+01
1.138742923736572266e+01
1.131681728363037109e+01
1.123290634155273438e+01
1.155784511566162109e+01
1.116933727264404297e+01
1.121587848663330078e+01
1.129749488830566406e+01
1.142789936065673828e+01
1.118502616882324219e+01
1.115129375457763672e+01
1.124097061157226562e+01
1.117110061645507812e+01
1.150698089599609375e+01
1.135516929626464844e+01
1.146206283569335938e+01
1.122611427307128906e+01
1.108474445343017578e+01
1.148775577545166016e+01
1.146192932128906250e+01
1.129526138305664062e+01
1.118111038208007812e+01
1.139961719512939453e+01
1.124334049224853516e+01
1.129532814025878906e+01
1.122267532348632812e+01
1.148237419128417969e+01
1.126134872436523438e+01
1.167664527893066406e+01
1.110132408142089844e+01
1.140909862518310547e+01
1.126855850219726562e+01
1.102831840515136719e+01
1.132622432708740234e+01
1.115207958221435547e+01
1.090394115447998047e+01
9.579147338867187500e+00
6.894913196563720703e+00
5.272461891174316406e+00
4.495642185211181641e+00
4.251257896423339844e+00
3.798156261444091797e+00
3.654881715774536133e+00
4.114705562591552734e+00
3.270901441574096680e+00
3.812271356582641602e+00
3.831191539764404297e+00
3.482194423675537109e+00
3.632329702377319336e+00
3.633636951446533203e+00
3.681011199951171875e+00
3.126240730285644531e+00
3.274495124816894531e+00
3.037276744842529297e+00
3.497950077056884766e+00
3.438467741012573242e+00
3.187480688095092773e+00
3.610273122787475586e+00
3.481834650039672852e+00
3.529118776321411133e+00
3.698172569274902344e+00
3.288219451904296875e+00
3.081155538558959961e+00
3.334212064743041992e+00
3.445705175399780273e+00
3.146260976791381836e+00
3.369422435760498047e+00
3.652267932891845703e+00
3.190342426300048828e+00
3.686888694763183594e+00
3.209617137908935547e+00
3.563876152038574219e+00
2.640507698059082031e+00
3.087474346160888672e+00
3.359288215637207031e+00
2.777294158935546875e+00
2.979856252670288086e+00
3.596324443817138672e+00
3.749237537384033203e+00
3.266705274581909180e+00
3.017277479171752930e+00
3.625282526016235352e+00
3.066089391708374023e+00
3.290605306625366211e+00
3.983450174331665039e+00
3.212441682815551758e+00
3.124310255050659180e+00
3.774771928787231445e+00
3.291757106781005859e+00
4.327862262725830078e+00
3.486312150955200195e+00
3.635203123092651367e+00
3.368462800979614258e+00
2.971318483352661133e+00
3.315549135208129883e+00
3.541594266891479492e+00
3.268965721130371094e+00
3.487658023834228516e+00
3.518899679183959961e+00
3.225372791290283203e+00
3.570895910263061523e+00
2.803844451904296875e+00
3.255824565887451172e+00
3.289803743362426758e+00
3.710671901702880859e+00
3.449848890304565430e+00
3.441702842712402344e+00
3.875868797302246094e+00
3.076863050460815430e+00
3.490210294723510742e+00
3.558396577835083008e+00
3.866709470748901367e+00
3.209343194961547852e+00
3.493144512176513672e+00
3.216301441192626953e+00
3.248136758804321289e+00
3.493623495101928711e+00
3.833099603652954102e+00
3.647434234619140625e+00
3.473025321960449219e+00
3.475373983383178711e+00
3.956317663192749023e+00
3.721743583679199219e+00
4.544638633728027344e+00
3.894818305969238281e+00
4.464836120605468750e+00
3.830413818359375000e+00
3.910133838653564453e+00
3.835726737976074219e+00
4.362402439117431641e+00
3.623533248901367188e+00
3.956223726272583008e+00
4.063317775726318359e+00
3.746127128601074219e+00
3.640639781951904297e+00
3.530525445938110352e+00
3.493797302246093750e+00
3.926778554916381836e+00
4.246977329254150391e+00
4.031334400177001953e+00
3.854928255081176758e+00
3.603874683380126953e+00
3.699769496917724609e+00
4.530649185180664062e+00
4.358381271362304688e+00
3.757395029067993164e+00
4.290501117706298828e+00
3.773810863494873047e+00
4.241788864135742188e+00
4.082118034362792969e+00
3.731612205505371094e+00
3.966349363327026367e+00
3.846359968185424805e+00
4.109850406646728516e+00
4.556342124938964844e+00
4.361014842987060547e+00
4.368659973144531250e+00
3.965090751647949219e+00
4.330787658691406250e+00
3.859038114547729492e+00
4.086413383483886719e+00
4.176691055297851562e+00
4.138202667236328125e+00
3.838405609130859375e+00
4.155589580535888672e+00
4.349772453308105469e+00
4.424562931060791016e+00
4.571536064147949219e+00
3.819437742233276367e+00
4.007685661315917969e+00
4.185802459716796875e+00
4.216944217681884766e+00
3.842306852340698242e+00
4.509885311126708984e+00
4.571372985839843750e+00
4.313617229461669922e+00
4.727737426757812500e+00
4.459273815155029297e+00
4.289127826690673828e+00
4.217984676361083984e+00
4.508924484252929688e+00
4.344837665557861328e+00
3.957833051681518555e+00
3.819726228713989258e+00
4.426608562469482422e+00
4.528891086578369141e+00
4.614494323730468750e+00
4.772206306457519531e+00
4.023302078247070312e+00
4.370406150817871094e+00
4.843115329742431641e+00
4.461822986602783203e+00
4.105614185333251953e+00
4.859817504882812500e+00
4.780323982238769531e+00
4.799353599548339844e+00
4.476390838623046875e+00
4.458922863006591797e+00
4.543145179748535156e+00
4.825600624084472656e+00
4.773053646087646484e+00
5.249464511871337891e+00
4.368020057678222656e+00
4.427314758300781250e+00
4.685105323791503906e+00
4.375972270965576172e+00
4.679639816284179688e+00
4.984935760498046875e+00
4.565956115722656250e+00
4.716052055358886719e+00
5.026985168457031250e+00
4.724674224853515625e+00
4.263241291046142578e+00
5.196797847747802734e+00
4.703515052795410156e+00
4.789186954498291016e+00
4.870620250701904297e+00
4.956811428070068359e+00
4.926654815673828125e+00
4.348388671875000000e+00
5.210370540618896484e+00
4.610650062561035156e+00
4.873956680297851562e+00
5.428553581237792969e+00
5.193529129028320312e+00
5.339160442352294922e+00
4.805495738983154297e+00
4.568565368652343750e+00
5.051084518432617188e+00
4.841240882873535156e+00
5.215095520019531250e+00
4.366907596588134766e+00
4.566573143005371094e+00
5.437560081481933594e+00
4.894845962524414062e+00
5.419615268707275391e+00
5.359672546386718750e+00
4.989486217498779297e+00
4.990681648254394531e+00
5.560850143432617188e+00
4.929060935974121094e+00
4.689697265625000000e+00
4.953567504882812500e+00
4.774043083190917969e+00
5.261346817016601562e+00
4.950139999389648438e+00
5.288638114929199219e+00
5.025069236755371094e+00
4.803157329559326172e+00
4.774080276489257812e+00
5.027770042419433594e+00
5.183475971221923828e+00
4.528538227081298828e+00
5.290957450866699219e+00
5.370367527008056641e+00
5.011217594146728516e+00
5.102009773254394531e+00
5.124477863311767578e+00
5.330004215240478516e+00
5.480160236358642578e+00
5.175322532653808594e+00
5.461213111877441406e+00
4.999186515808105469e+00
5.176023006439208984e+00
5.099236011505126953e+00
5.011237144470214844e+00
5.065317630767822266e+00
5.273259639739990234e+00
5.011902809143066406e+00
5.289293289184570312e+00
5.135113239288330078e+00
5.523555278778076172e+00
5.361072063446044922e+00
5.537837028503417969e+00
5.315245628356933594e+00
5.308182239532470703e+00
5.563214778900146484e+00
4.955423355102539062e+00
5.374159812927246094e+00
5.885709285736083984e+00
5.291472434997558594e+00
5.244778156280517578e+00
5.213463783264160156e+00
5.039015769958496094e+00
4.892151832580566406e+00
5.252888202667236328e+00
5.939408302307128906e+00
5.477880001068115234e+00
5.435616970062255859e+00
4.994978904724121094e+00
5.139581680297851562e+00
5.422698020935058594e+00
5.165723323822021484e+00
5.199740886688232422e+00
5.395027160644531250e+00
5.830026149749755859e+00
5.607275962829589844e+00
5.868404865264892578e+00
5.448824882507324219e+00
5.302269935607910156e+00
5.996868610382080078e+00
5.284626960754394531e+00
5.837876319885253906e+00
5.144564628601074219e+00
4.955240726470947266e+00
5.778634548187255859e+00
5.617647647857666016e+00
5.939162254333496094e+00
5.788657665252685547e+00
5.582155227661132812e+00
5.310070514678955078e+00
5.225751399993896484e+00
5.490570068359375000e+00
6.072190284729003906e+00
5.459880828857421875e+00
5.931015491485595703e+00
6.030675411224365234e+00
5.763115882873535156e+00
5.609434127807617188e+00
5.358817100524902344e+00
6.052764892578125000e+00
5.429138660430908203e+00
5.472142219543457031e+00
6.062267780303955078e+00
5.585709095001220703e+00
5.911817550659179688e+00
5.674011230468750000e+00
4.990362644195556641e+00
5.954180717468261719e+00
5.390448570251464844e+00
5.880076885223388672e+00
5.680370330810546875e+00
5.199513435363769531e+00
5.274249076843261719e+00
5.834841251373291016e+00
5.603068828582763672e+00
5.967458248138427734e+00
6.003244400024414062e+00
5.921279907226562500e+00
5.773748874664306641e+00
5.526684284210205078e+00
5.245466232299804688e+00
6.092907428741455078e+00
5.580191135406494141e+00
6.026882648468017578e+00
5.861166477203369141e+00
5.179789543151855469e+00
5.744976043701171875e+00
5.423235893249511719e+00
5.786239624023437500e+00
5.258800029754638672e+00
5.901261329650878906e+00
5.709647178649902344e+00
5.691835403442382812e+00
5.533717155456542969e+00
5.566133499145507812e+00
5.480666160583496094e+00
5.193197727203369141e+00
6.030084609985351562e+00
5.471147537231445312e+00
5.894467830657958984e+00
5.718538284301757812e+00
5.861530780792236328e+00
5.592242717742919922e+00
5.650031089782714844e+00
5.585548400878906250e+00
5.868546485900878906e+00
5.913481235504150391e+00
5.661050319671630859e+00
4.842406749725341797e+00
5.393527030944824219e+00
5.850952148437500000e+00
5.772529602050781250e+00
5.279890060424804688e+00
5.536187171936035156e+00
5.276995658874511719e+00
6.210245609283447266e+00
5.456266880035400391e+00
5.952924728393554688e+00
5.896489143371582031e+00
6.234477996826171875e+00
5.831106662750244141e+00
6.266464233398437500e+00
5.495762348175048828e+00
5.512819290161132812e+00
5.399621009826660156e+00
5.845213413238525391e+00
5.940304279327392578e+00
5.663725852966308594e+00
5.248319149017333984e+00
5.602851390838623047e+00
5.458776950836181641e+00
5.619084835052490234e+00
6.070627212524414062e+00
5.813451290130615234e+00
5.931693077087402344e+00
5.073343276977539062e+00
5.360703468322753906e+00
4.884223937988281250e+00
5.711519241333007812e+00
5.796422004699707031e+00
5.584870338439941406e+00
6.120771408081054688e+00
5.475110530853271484e+00
5.929666996002197266e+00
5.631849288940429688e+00
5.363158226013183594e+00
5.002848625183105469e+00
5.570677280426025391e+00
5.216578960418701172e+00
5.066419124603271484e+00
5.281034469604492188e+00
5.382326602935791016e+00
5.641385555267333984e+00
4.989586830139160156e+00
5.301270484924316406e+00
5.469521522521972656e+00
5.697613239288330078e+00
5.761160850524902344e+00
5.563307762145996094e+00
6.070223808288574219e+00
5.428674221038818359e+00
5.644966125488281250e+00
5.548285961151123047e+00
4.850057125091552734e+00
5.216460227966308594e+00
5.177715778350830078e+00
5.365977764129638672e+00
5.292258262634277344e+00
4.839613437652587891e+00
5.362193584442138672e+00
4.603580951690673828e+00
5.606307029724121094e+00
5.150205135345458984e+00
5.047863006591796875e+00
